chr1	44462154	44497164	NM_001024845.2	0	-	44463216	44489949	0	14	1257,171,101,100,135,238,104,135,133,271,132,157,115,187,	0,1372,4284,4473,4681,4907,5830,6029,6370,11870,13482,14243,27765,34823,
chr1	44440319	44443972	NM_001039457.2	0	+	44441786	44443679	0	7	460,84,78,70,52,191,320,	0,1442,1654,1942,2125,2378,3333,
chr1	44435652	44439043	NM_001039589.1	0	+	44435847	44438211	0	5	342,113,224,177,957,	0,615,985,2177,2434,
chr1	44398991	44402912	NM_001136215.1	0	+	44401328	44402437	0	4	566,127,163,939,	0,2270,2749,2982,
chr1	44462154	44483012	NM_001261380.1	0	-	44463216	44482805	0	13	1257,171,101,100,135,238,104,135,133,271,132,112,294,	0,1372,4284,4473,4681,4907,5830,6029,6370,11870,13482,14288,20564,
chr1	44173203	44396837	NM_001270459.1	0	+	44201933	44395893	0	12	161,148,48,43,93,95,64,96,187,57,147,1034,	0,28700,84569,107359,130687,186851,190703,191636,192009,212962,213250,222600,
chr1	44173203	44396837	NM_001270460.1	0	+	44201933	44395893	0	11	161,148,48,43,95,64,96,187,147,147,1034,	0,28700,84569,107359,186851,190703,191636,192009,212872,213250,222600,
chr1	44173203	44396837	NM_001270461.1	0	+	44201933	44395893	0	9	161,148,43,93,95,64,96,187,1034,	0,28700,107359,130687,186851,190703,191636,192009,222600,
chr1	44173203	44396837	NM_001270462.1	0	+	44201933	44395893	0	8	161,148,43,95,64,96,187,1034,	0,28700,107359,186851,190703,191636,192009,222600,
chr1	44173203	44396837	NM_001270463.1	0	+	44201933	44395855	0	8	161,193,43,93,95,64,96,1034,	0,28700,107359,130687,186851,190703,191636,222600,
chr1	44173203	44396837	NM_001270464.1	0	+	44201933	44395855	0	8	161,148,43,93,95,64,96,1034,	0,28700,107359,130687,186851,190703,191636,222600,
chr1	44173203	44396837	NM_001270465.1	0	+	44201933	44364939	0	8	161,193,43,93,95,64,122,1034,	0,28700,107359,130687,186851,190703,191636,222600,
chr1	44173203	44396837	NM_001270466.1	0	+	44201933	44395855	0	5	161,148,43,93,1034,	0,28700,107359,130687,222600,
chr1	44440319	44443972	NM_001294333.1	0	+	44440712	44443083	0	7	460,49,84,78,70,52,1275,	0,1152,1442,1654,1942,2125,2378,
chr1	97187160	97280605	NM_001300985.1	0	+	97187420	97278961	0	14	268,31,76,173,144,165,111,196,155,34,93,217,78,1777,	0,1959,29820,48098,49103,55980,56231,63454,83180,84814,85261,91107,91424,91668,
chr1	97187160	97280605	NM_001300986.1	0	+	97187420	97278961	0	14	292,31,76,173,144,165,111,196,140,34,93,217,78,1777,	0,1959,29820,48098,49103,55980,56231,63454,83195,84814,85261,91107,91424,91668,
chr1	97187160	97280605	NM_001300987.1	0	+	97215170	97278961	0	15	268,31,156,76,173,144,165,111,196,155,34,93,217,78,1777,	0,1959,27926,29820,48098,49103,55980,56231,63454,83180,84814,85261,91107,91424,91668,
chr1	97187160	97280605	NM_001300988.1	0	+	97187420	97278961	0	14	268,31,76,173,144,165,111,196,155,34,93,217,78,1774,	0,1959,29820,48098,49103,55980,56231,63454,83180,84814,85261,91107,91424,91671,
chr1	97187160	97280605	NM_001300989.1	0	+	97187420	97278961	0	14	268,31,76,173,144,165,111,196,140,34,93,217,78,1777,	0,1959,29820,48098,49103,55980,56231,63454,83195,84814,85261,91107,91424,91668,
chr1	97187160	97280605	NM_001300990.1	0	+	97235299	97278961	0	13	268,31,173,144,165,111,196,140,34,93,217,78,1777,	0,1959,48098,49103,55980,56231,63454,83195,84814,85261,91107,91424,91668,
chr1	44435652	44439043	NM_001319165.1	0	+	44436348	44438211	0	6	332,113,224,684,177,957,	0,615,985,1406,2177,2434,
chr1	44435652	44439043	NM_001319166.1	0	+	44435847	44438211	0	6	342,113,224,411,177,957,	0,615,985,1679,2177,2434,
chr1	44435652	44439043	NM_001319167.1	0	+	44437153	44438211	0	6	290,222,224,684,177,957,	0,615,985,1406,2177,2434,
chr1	44435652	44439043	NM_001319168.1	0	+	44436348	44438211	0	6	290,113,224,684,177,957,	0,615,985,1406,2177,2434,
chr1	44435652	44439043	NM_001319169.1	0	+	44436301	44438211	0	5	342,113,684,177,957,	0,615,1406,2177,2434,
chr1	44435652	44439043	NM_001319170.1	0	+	44437153	44438211	0	6	342,113,284,684,177,957,	0,615,925,1406,2177,2434,
chr1	44435652	44439043	NM_001319171.1	0	+	44436852	44438211	0	6	342,113,255,684,177,957,	0,615,985,1406,2177,2434,
chr1	44462154	44497164	NM_001328626.1	0	-	44463216	44474281	0	12	1257,171,101,100,135,238,104,135,133,271,115,187,	0,1372,4284,4473,4681,4907,5830,6029,6370,11870,27765,34823,
chr1	44462154	44483012	NM_001328627.1	0	-	44463216	44482842	0	12	1257,171,101,100,135,238,104,135,133,271,132,294,	0,1372,4284,4473,4681,4907,5830,6029,6370,11870,13482,20564,
chr1	44462154	44483012	NM_001328628.1	0	-	44463216	44482842	0	11	1257,171,101,100,135,238,104,135,133,271,294,	0,1372,4284,4473,4681,4907,5830,6029,6370,11870,20564,
chr1	44462154	44496795	NM_001328629.1	0	-	44463216	44489949	0	14	1257,171,101,100,135,238,104,135,133,271,132,157,115,36,	0,1372,4284,4473,4681,4907,5830,6029,6370,11870,13482,14243,27765,34605,
chr1	44462154	44497164	NM_001328630.1	0	-	44463216	44474281	0	11	1257,101,100,135,238,104,135,133,271,115,187,	0,4284,4473,4681,4907,5830,6029,6370,11870,27765,34823,
chr1	44435652	44439043	NM_001384.4	0	+	44435847	44438211	0	6	342,113,224,684,177,957,	0,615,985,1406,2177,2434,
chr1	46859938	46879520	NM_001441.2	0	+	46860020	46879247	0	15	277,114,135,134,207,41,125,126,98,100,41,40,109,146,402,	0,7824,10747,11105,11321,11771,11977,14192,14834,16131,16547,17345,17876,18808,19180,
chr1	44440319	44443972	NM_004047.4	0	+	44440712	44443679	0	8	460,49,84,78,70,52,191,320,	0,1152,1442,1654,1942,2125,2378,3333,
chr1	44173203	44396837	NM_006279.3	0	+	44201933	44395893	0	12	161,148,48,43,93,95,64,96,187,147,147,1034,	0,28700,84569,107359,130687,186851,190703,191636,192009,212872,213250,222600,
chr1	44462154	44483012	NM_006934.3	0	-	44463216	44482805	0	13	1257,171,101,100,135,238,104,135,133,271,132,157,294,	0,1372,4284,4473,4681,4907,5830,6029,6370,11870,13482,14243,20564,
chr1	44115796	44171189	NM_014663.2	0	+	44118846	44170041	0	22	127,177,176,115,194,50,104,138,248,200,371,121,182,205,77,56,109,186,171,120,93,1289,	0,3011,5465,10172,12768,15570,16326,16828,17646,18974,21379,33558,38788,40719,41370,42130,43868,44583,47717,53491,53894,54104,
chr1	97187160	97280605	NM_021190.3	0	+	97187420	97278961	0	14	268,31,76,173,144,165,111,196,140,34,93,217,78,1774,	0,1959,29820,48098,49103,55980,56231,63454,83195,84814,85261,91107,91424,91671,
chr1	44398991	44402912	NM_057090.2	0	+	44401328	44402437	0	5	566,149,127,163,939,	0,792,2270,2749,2982,
chr1	44398991	44402912	NM_057091.2	0	+	44401328	44402437	0	5	566,149,127,139,939,	0,792,2270,2773,2982,
chr1	71868624	72748277	NM_173808.2	0	-	71873128	72748177	0	7	4629,152,121,132,126,233,276,	0,189875,208084,295066,373230,532137,879377,
chr1	44173203	44396837	NM_174963.3	0	+	44201933	44395893	0	13	161,193,48,43,162,93,95,64,96,187,147,147,1034,	0,28700,84569,107359,117199,130687,186851,190703,191636,192009,212872,213250,222600,
chr1	44173203	44396837	NM_174964.2	0	+	44201933	44395893	0	12	161,193,48,43,93,95,64,96,187,147,147,1034,	0,28700,84569,107359,130687,186851,190703,191636,192009,212872,213250,222600,
chr1	44173203	44396837	NM_174965.2	0	+	44201933	44395874	0	7	161,193,48,43,93,95,1034,	0,28700,84569,107359,130687,186851,222600,
chr1	44173203	44396837	NM_174966.2	0	+	44201933	44395893	0	10	161,148,48,43,93,95,64,96,187,1034,	0,28700,84569,107359,130687,186851,190703,191636,192009,222600,
chr1	44173203	44396837	NM_174967.2	0	+	44201933	44395874	0	7	161,148,48,43,93,95,1034,	0,28700,84569,107359,130687,186851,222600,
chr1	44173203	44396837	NM_174968.3	0	+	44201933	44395893	0	13	161,148,48,43,162,93,95,64,96,187,147,147,1034,	0,28700,84569,107359,117199,130687,186851,190703,191636,192009,212872,213250,222600,
chr1	44173203	44396837	NM_174969.2	0	+	44201933	44395893	0	11	161,148,43,93,95,64,96,187,147,147,1034,	0,28700,107359,130687,186851,190703,191636,192009,212872,213250,222600,
chr1	44173203	44396837	NM_174970.2	0	+	44201933	44395874	0	6	161,148,43,93,95,1034,	0,28700,107359,130687,186851,222600,
chr1	44173203	44396837	NM_174971.3	0	+	44201933	44395893	0	12	161,148,43,162,93,95,64,96,187,147,147,1034,	0,28700,107359,117199,130687,186851,190703,191636,192009,212872,213250,222600,
chr1	44462154	44483012	NM_201649.3	0	-	44463216	44482805	0	14	1257,171,101,100,135,238,104,135,133,271,132,157,162,294,	0,1372,4284,4473,4681,4907,5830,6029,6370,11870,13482,14243,15078,20564,
chr1	44462154	44483012	NR_048548.1	0	-	44483012	44483012	0	13	1257,171,101,96,135,238,104,135,133,271,132,157,294,	0,1372,4284,4473,4681,4907,5830,6029,6370,11870,13482,14243,20564,
chr1	44173203	44396837	NR_073016.1	0	+	44396837	44396837	0	12	161,148,48,43,93,95,64,96,219,147,147,1034,	0,28700,84569,107359,130687,186851,190703,191636,191977,212872,213250,222600,
chr1	44173203	44396837	NR_073017.1	0	+	44396837	44396837	0	10	161,148,93,95,64,96,187,147,147,1034,	0,28700,130687,186851,190703,191636,192009,212872,213250,222600,
chr1	44173203	44396837	NR_073018.1	0	+	44396837	44396837	0	11	161,148,48,43,93,173,95,64,96,187,1034,	0,28700,84569,107359,130687,171803,186851,190703,191636,192009,222600,
chr1	44173203	44396837	NR_073019.1	0	+	44396837	44396837	0	9	161,148,95,64,96,219,147,147,1034,	0,28700,186851,190703,191636,191977,212872,213250,222600,
chr1	44173203	44396837	NR_073020.1	0	+	44396837	44396837	0	10	161,148,43,93,95,64,96,147,147,1034,	0,28700,107359,130687,186851,190703,191636,212872,213250,222600,
chr1	44173203	44396837	NR_073021.1	0	+	44396837	44396837	0	10	161,148,48,43,93,174,95,64,96,1034,	0,28700,84569,107359,130687,150603,186851,190703,191636,222600,
chr1	44173203	44396837	NR_073023.1	0	+	44396837	44396837	0	9	161,148,48,43,93,95,147,147,1034,	0,28700,84569,107359,130687,186851,212872,213250,222600,
chr1	97188193	97280605	NR_125356.1	0	+	97280605	97280605	0	13	160,31,76,173,144,165,111,196,140,93,217,78,1774,	0,926,28787,47065,48070,54947,55198,62421,82162,84228,90074,90391,90638,
chr1	97187160	97280605	NR_125357.1	0	+	97280605	97280605	0	13	268,31,76,173,144,165,111,196,140,93,217,78,1777,	0,1959,29820,48098,49103,55980,56231,63454,83195,85261,91107,91424,91668,
chr2	214149102	214182709	NM_001025436.2	0	+	214149207	214182096	0	5	241,47,96,119,767,	0,11685,12883,25680,32840,
chr2	239152678	239197207	NM_022817.2	0	-	239155015	239186577	0	23	2487,151,193,163,791,255,165,125,148,85,126,109,154,107,79,143,52,202,122,155,63,249,218,	0,5024,6513,7561,8874,11619,12884,14238,14459,15931,16790,17691,18153,18914,21474,24018,24885,27274,29032,31705,33093,33669,44311,
chr2	214149102	215275225	NM_024532.4	0	+	214149207	215275039	0	16	241,47,96,119,138,108,118,70,110,128,144,186,127,66,127,362,	0,11685,12883,25680,32840,55784,66149,79697,90631,205584,578106,645581,729572,823817,864761,1125761,
chr2	214149102	215275225	NR_047659.1	0	+	215275225	215275225	0	18	241,33,71,118,96,119,138,108,118,70,110,128,144,186,127,66,127,362,	0,1507,11661,12643,12883,25680,32840,55784,66149,79697,90631,205584,578106,645581,729572,823817,864761,1125761,
chr2	214149102	215275225	NR_047660.1	0	+	215275225	215275225	0	15	241,47,96,138,108,118,70,110,128,144,186,127,66,127,362,	0,11685,12883,32840,55784,66149,79697,90631,205584,578106,645581,729572,823817,864761,1125761,
chr3	62384020	62861064	NM_003716.3	0	-	62385080	62860704	0	30	1240,105,108,33,84,75,148,156,147,142,157,21,107,18,124,64,102,188,137,213,109,67,140,112,122,234,81,333,114,801,	0,4735,39758,47419,67021,67993,75827,79915,83377,92993,93944,95299,100816,114405,117713,118234,119803,134525,138099,151557,159059,172526,186839,194291,247376,252501,263968,355095,367525,476243,
chr3	62355346	62359190	NM_018008.3	0	-	62355757	62358543	0	5	671,133,135,910,237,	0,1545,1861,2345,3607,
chr3	62384020	62861064	NM_183393.2	0	-	62385080	62860704	0	27	1240,105,108,33,84,75,148,156,142,157,107,124,64,102,188,86,213,109,67,140,112,122,234,81,333,114,801,	0,4735,39758,47419,67021,67993,75827,79915,92993,93944,100816,117713,118234,119803,134525,138150,151557,159059,172526,186839,194291,247376,252501,263968,355095,367525,476243,
chr3	62384020	62861064	NM_183394.2	0	-	62385080	62860704	0	28	1240,105,108,33,84,75,148,156,142,157,107,69,124,64,102,188,137,213,109,67,140,112,122,234,81,333,114,801,	0,4735,39758,47419,67021,67993,75827,79915,92993,93944,100816,115292,117713,118234,119803,134525,138099,151557,159059,172526,186839,194291,247376,252501,263968,355095,367525,476243,
chr4	100227543	100242599	NM_000668.5	0	-	100228996	100242488	0	9	1478,139,136,261,220,88,139,102,129,	0,4378,5134,7434,9511,9828,11659,12398,14927,
chr4	46245564	46392085	NM_000807.3	0	-	46252324	46390723	0	10	7057,203,153,144,83,221,68,116,81,334,	0,18378,59912,62020,66625,68948,89067,142526,145088,146187,
chr4	41983712	41988484	NM_001029955.3	0	+	41983809	41985000	0	1	4772,	0,
chr4	46245564	46391396	NM_001114175.2	0	-	46252324	46390723	0	9	7057,203,153,144,83,221,68,116,744,	0,18378,59912,62020,66625,68948,89067,142526,145088,
chr4	42112869	42154895	NM_001159547.1	0	-	42119742	42154160	0	6	6883,170,92,567,720,347,	0,9272,14730,32575,40804,41679,
chr4	30722036	31148423	NM_001173523.1	0	+	30723044	31144471	0	3	4182,217,4329,	0,199738,422058,
chr4	56294067	56412099	NM_001267843.1	0	-	56301581	56348952	0	24	7694,256,203,210,153,90,101,142,76,148,107,83,119,114,121,90,92,149,60,90,157,92,154,480,	0,10381,14531,15786,16732,20878,21495,22190,25153,25776,27996,28317,30991,31247,35784,42816,48062,50914,51739,54838,58492,61473,82011,117552,
chr4	100227543	100242599	NM_001286650.1	0	-	100228996	100239341	0	10	1478,139,136,261,220,88,139,102,122,129,	0,4378,5134,7434,9511,9828,11659,12398,14406,14927,
chr4	46245564	46392085	NM_001286827.2	0	-	46252324	46388180	0	10	7057,180,203,153,144,83,221,116,81,334,	0,12647,18378,59912,62020,66625,68948,142526,145088,146187,
chr4	46245564	46391567	NM_001330690.1	0	-	46252324	46390723	0	11	7057,180,203,153,144,83,221,68,116,81,318,	0,12647,18378,59912,62020,66625,68948,89067,142526,145088,145685,
chr4	30722036	30732838	NM_002589.2	0	+	30723044	30732410	0	2	4182,464,	0,10338,
chr4	56294067	56413076	NM_004898.3	0	-	56301581	56348952	0	23	7694,256,203,210,153,90,101,142,76,148,107,83,119,114,121,90,92,149,60,90,92,154,128,	0,10381,14531,15786,16732,20878,21495,22190,25153,25776,27996,28317,30991,31247,35784,42816,48062,50914,51739,54838,61473,82011,118881,
chr4	41992522	42089551	NM_006345.3	0	+	41992668	42088143	0	18	255,165,60,100,93,83,59,68,103,56,136,40,72,108,166,130,114,1453,	0,11110,27605,29910,32332,32796,44769,48480,58871,69685,72480,74804,76044,76579,80020,85151,87706,95576,
chr4	41937136	41962824	NM_018126.2	0	+	41937501	41956216	0	7	410,95,188,68,134,84,6738,	0,3482,4076,8627,9673,14182,18950,
chr4	30722029	30726957	NM_032456.2	0	+	30723044	30726263	0	1	4928,	0,
chr4	30722036	31148423	NM_032457.3	0	+	30723044	31144471	0	3	4182,193,4329,	0,199738,422058,
chr4	42112869	42154895	NM_207406.3	0	-	42119534	42154160	0	6	6883,241,92,567,720,347,	0,9201,14730,32575,40804,41679,
chr5	174867674	174871163	NM_000794.3	0	-	174868761	174870102	0	2	2911,462,	0,3027,
chr5	113698015	113832197	NM_001278204.1	0	+	113798788	113831879	0	7	943,96,142,111,128,70,606,	0,1587,100730,110735,124731,131084,133576,
chr5	102884555	102898502	NM_001300741.1	0	-	102886561	102895949	0	7	2117,200,114,168,590,158,99,	0,3362,5885,7076,10024,11242,13848,
chr5	113698015	113832197	NM_021614.3	0	+	113698472	113831879	0	8	943,96,419,142,111,128,70,606,	0,1587,42119,100730,110735,124731,131084,133576,
chr5	102884555	102898502	NM_031438.3	0	-	102886561	102895949	0	7	2117,200,114,168,590,212,99,	0,3362,5885,7076,10024,11188,13848,
chr5	113769226	113832197	NM_170775.2	0	+	113798788	113831879	0	6	400,142,111,128,70,606,	0,29519,39524,53520,59873,62365,
chr5	113769226	113832197	NR_103458.1	0	+	113832197	113832197	0	7	400,142,111,106,128,70,606,	0,29519,39524,53168,53520,59873,62365,
chr6	154360236	154453489	NM_000914.4	0	+	154360679	154439856	0	4	733,353,521,13672,	0,50724,51850,79581,
chr6	154360545	154568001	NM_001008503.2	0	+	154360679	154567919	0	4	424,353,521,175,	0,50415,51541,207281,
chr6	154360236	154413073	NM_001008504.3	0	+	154360679	154412622	0	3	733,353,987,	0,50724,51850,
chr6	154360545	154414655	NM_001008505.2	0	+	154360679	154414581	0	4	424,353,521,251,	0,50415,51541,53859,
chr6	154331630	154453489	NM_001145279.3	0	+	154360295	154439856	0	6	523,145,424,353,521,13672,	0,28665,28915,79330,80456,108187,
chr6	154331630	154453489	NM_001145280.3	0	+	154410970	154439856	0	4	523,353,521,13672,	0,79330,80456,108187,
chr6	154331630	154453489	NM_001145281.2	0	+	154331647	154439856	0	4	64,353,521,13672,	0,79330,80456,108187,
chr6	154360545	154431588	NM_001145282.2	0	+	154360679	154431546	0	4	424,353,521,99,	0,50415,51541,70944,
chr6	154360545	154430153	NM_001145283.2	0	+	154360679	154429180	0	4	424,353,521,1003,	0,50415,51541,68605,
chr6	154360545	154430153	NM_001145284.3	0	+	154360679	154428930	0	4	424,353,521,1271,	0,50415,51541,68337,
chr6	154360545	154428787	NM_001145285.2	0	+	154360679	154428756	0	4	424,353,521,37,	0,50415,51541,68205,
chr6	154360545	154428787	NM_001145286.2	0	+	154360679	154428698	0	4	424,353,521,188,	0,50415,51541,68054,
chr6	154407641	154453489	NM_001145287.2	0	+	154410970	154439856	0	4	1298,353,521,13672,	0,3319,4445,32176,
chr6	88849582	88875767	NM_001160226.1	0	-	88853574	88854993	0	3	5474,143,246,	0,7800,25939,
chr6	88849582	88875767	NM_001160258.1	0	-	88853574	88854993	0	4	5474,143,38,246,	0,7800,24393,25939,
chr6	88849582	88875767	NM_001160259.1	0	-	88853574	88854993	0	2	5474,302,	0,25883,
chr6	154360236	154453489	NM_001285522.1	0	+	154360679	154439821	0	2	733,13672,	0,79581,
chr6	154360236	154413092	NM_001285523.2	0	+	154360679	154413024	0	4	733,353,521,149,	0,50724,51850,52707,
chr6	154360236	154453489	NM_001285524.1	0	+	154360295	154439856	0	5	204,424,353,521,13672,	0,309,50724,51850,79581,
chr6	154407641	154453489	NM_001285526.1	0	+	154410970	154439856	0	4	1279,353,521,13672,	0,3319,4445,32176,
chr6	154410896	154413073	NM_001285527.1	0	+	154410970	154412622	0	2	417,987,	0,1190,
chr6	154410896	154413092	NM_001285528.2	0	+	154410970	154413024	0	3	417,521,149,	0,1190,2047,
chr6	99282579	99286666	NM_005604.3	0	+	99282749	99284081	0	1	4087,	0,
chr6	88849582	88875767	NM_016083.4	0	-	88853574	88854993	0	2	5474,246,	0,25939,
chr6	96025372	96057328	NM_024641.3	0	+	96034315	96054281	0	5	142,582,110,77,3705,	0,8905,19240,27330,28251,
chr6	88849582	88855056	NM_033181.3	0	-	88853574	88854993	0	2	5250,125,	0,5349,
chr6	97590036	97731052	NM_198468.2	0	-	97594681	97730353	0	25	4727,168,97,164,212,170,160,143,152,151,194,510,227,120,63,177,114,131,91,178,88,50,126,240,190,	0,7692,9610,19841,23085,25910,30902,36282,37247,39743,44336,86733,89265,91700,104467,112396,121174,125711,127741,130543,130814,136688,139076,140153,140826,
chr6	154360545	154453489	NR_104348.1	0	+	154453489	154453489	0	5	424,353,521,109,13672,	0,50415,51541,54799,79272,
chr6	154360545	154431588	NR_104349.1	0	+	154431588	154431588	0	5	424,353,521,109,99,	0,50415,51541,54799,70944,
chr6	154360545	154453489	NR_104350.1	0	+	154453489	154453489	0	3	424,521,13672,	0,51541,79272,
chr6	154360545	154430153	NR_104351.1	0	+	154430153	154430153	0	5	424,353,521,109,1271,	0,50415,51541,54799,68337,
chr7	114055051	114333827	NM_001172766.2	0	+	114066566	114329981	0	17	364,178,90,138,201,175,214,105,88,84,202,77,102,122,70,164,3991,	0,11505,119620,213543,214808,216534,227413,229688,237206,238929,243069,244359,244575,247068,248453,249276,274785,
chr7	114066556	114294198	NM_001172767.2	0	+	114066566	114294097	0	10	178,90,75,138,201,178,214,105,88,218,	0,108115,144305,202038,203303,205026,215908,218183,225701,227424,
chr7	104756820	104939226	NM_001278273.1	0	-	104758284	104909290	0	17	1649,93,70,108,101,483,247,26,166,107,88,88,109,158,64,113,42,	0,9874,10619,16417,16630,25634,26710,28909,30119,44133,51003,51634,52783,87254,152432,181047,182364,
chr7	114055051	114333827	NM_014491.3	0	+	114066566	114329981	0	17	364,178,90,138,201,178,214,105,88,84,202,77,102,122,70,164,3991,	0,11505,119620,213543,214808,216531,227413,229688,237206,238929,243069,244359,244575,247068,248453,249276,274785,
chr7	104654636	104754532	NM_018682.3	0	+	104681399	104753780	0	26	308,149,115,230,81,59,173,39,231,131,118,110,265,99,165,309,255,145,251,57,564,287,89,126,98,2261,	0,26685,47974,49161,52537,59429,60453,61853,62773,63113,64656,67498,75819,77026,87235,87696,91249,91669,92332,92976,93172,94752,96090,96287,96581,97635,
chr7	114055051	114333827	NM_148898.3	0	+	114066566	114329981	0	18	364,178,90,75,138,201,178,214,105,88,84,202,77,102,122,70,164,3991,	0,11505,119620,155810,213543,214808,216531,227413,229688,237206,238929,243069,244359,244575,247068,248453,249276,274785,
chr7	114066556	114294198	NM_148899.3	0	+	114066566	114294097	0	9	178,90,138,201,178,214,105,88,218,	0,108115,202038,203303,205026,215908,218183,225701,227424,
chr7	114055051	114333827	NM_148900.3	0	+	114066566	114329981	0	18	364,178,90,138,51,201,178,214,105,88,84,202,77,102,122,70,164,3991,	0,11505,119620,213543,214595,214808,216531,227413,229688,237206,238929,243069,244359,244575,247068,248453,249276,274785,
chr7	104756820	104909524	NM_182691.2	0	-	104758284	104909290	0	15	1649,93,70,108,101,483,247,26,166,107,88,88,109,158,272,	0,9874,10619,16417,16630,25634,26710,28909,30119,44133,51003,51634,52783,87254,152432,
chr7	104756820	105029377	NM_182692.2	0	-	104758284	105029253	0	16	1649,93,70,108,101,483,247,26,166,107,88,88,109,158,55,140,	0,9874,10619,16417,16630,25634,26710,28909,30119,44133,51003,51634,52783,87254,272274,272417,
chr7	104654636	104754532	NM_182931.2	0	+	104681399	104753780	0	27	346,74,185,115,230,81,59,173,39,231,131,118,110,265,99,165,309,255,145,251,57,564,287,89,126,98,2261,	0,23936,26649,47974,49161,52537,59429,60453,61853,62773,63113,64656,67498,75819,77026,87235,87696,91249,91669,92332,92976,93172,94752,96090,96287,96581,97635,
chr7	113726364	114333827	NR_033766.1	0	+	114333827	114333827	0	20	302,91,178,90,58,75,138,51,201,178,214,105,88,84,77,102,122,70,164,3991,	0,201709,340192,448307,452016,484497,542230,543282,543495,545218,556100,558375,565893,567616,573046,573262,575755,577140,577963,603472,
chr7	114055051	114333827	NR_033767.1	0	+	114333827	114333827	0	18	364,178,90,58,138,201,178,214,105,88,84,202,77,102,122,70,164,3991,	0,11505,119620,123329,213543,214808,216531,227413,229688,237206,238929,243069,244359,244575,247068,248453,249276,274785,
chr7	114293399	114293510	NR_037439.1	0	+	114293510	114293510	0	1	111,	0,
chr8	10530146	10558103	NM_001040032.1	0	+	10530175	10557981	0	4	77,193,407,359,	0,2009,24962,27598,
chr8	10622470	10697409	NM_001284356.1	0	-	10623295	10697266	0	6	956,93,79,93,110,162,	0,61191,66704,67931,69705,74777,
chr8	10622470	10697409	NM_017884.5	0	-	10622910	10697266	0	7	956,77,93,79,93,110,162,	0,55232,61191,66704,67931,69705,74777,
chr8	10581277	10588084	NM_031439.3	0	-	10583247	10587943	0	2	2899,379,	0,6428,
chr8	142443928	142517330	NM_207414.2	0	-	142444057	142517249	0	30	230,75,103,123,156,177,144,115,144,182,160,155,150,167,136,105,96,223,80,123,147,120,117,108,53,160,129,146,182,161,	0,722,995,1298,2084,2857,6397,7314,7807,14078,15761,32580,33570,36768,37227,39021,40303,42096,43574,43947,44790,45378,46081,46512,54722,56288,60980,61509,62491,73241,
chr8	142443928	142517330	NR_102363.2	0	-	142517330	142517330	0	28	230,75,103,123,156,177,144,115,144,182,160,155,150,164,136,105,96,80,123,147,188,117,108,53,160,129,146,161,	0,722,995,1298,2084,2857,6397,7314,7807,14078,15761,32580,33570,36768,37227,39021,40303,43574,43947,44790,45310,46081,46512,54722,56288,60980,61509,73241,
chr8	142443928	142517330	NR_102364.2	0	-	142517330	142517330	0	27	230,75,123,156,144,115,144,182,160,155,150,164,136,105,226,80,123,147,188,117,108,53,141,160,129,146,161,	0,722,1298,2084,6397,7314,7807,14078,15761,32580,33570,36768,37227,39021,40173,43574,43947,44790,45310,46081,46512,54722,55868,56288,60980,61509,73241,
chr8	34641438	34722316	NR_125746.1	0	+	34722316	34722316	0	4	176,208,134,142,	0,8837,35351,80736,
chr9	136501484	136524466	NM_000787.3	0	+	136501493	136523569	0	12	348,147,258,177,103,167,144,39,60,128,160,1029,	0,3483,5844,7050,7855,11483,15271,15883,16577,20160,20707,21953,
chr10	106400858	107025000	NM_014978.2	0	+	106401085	107023132	0	27	854,68,100,159,74,65,119,90,180,147,103,77,92,108,118,134,114,172,187,134,124,113,132,100,106,161,1933,	0,201691,274732,336234,401954,448674,464296,498296,506516,516037,517791,523202,526157,536965,558898,560019,570036,573341,575835,582015,604441,606118,611674,614601,615718,621230,622209,
chr11	112831968	113149158	NM_000615.6	0	+	112832333	113146109	0	20	371,46,75,219,144,138,118,170,143,151,185,97,171,132,3,125,178,208,117,3170,	0,372,241132,243039,244276,244796,246014,246586,253122,270398,270923,271471,271900,273786,285121,294630,298899,308941,310513,314020,
chr11	113280316	113346001	NM_000795.3	0	-	113281448	113295373	0	8	1326,328,87,191,137,110,316,204,	0,2961,4780,5826,7268,8432,14772,65481,
chr11	112831968	113135919	NM_001076682.3	0	+	112832333	113133647	0	21	371,46,75,219,144,138,118,170,143,151,185,97,171,132,15,48,42,3,125,178,2352,	0,372,241132,243039,244276,244796,246014,246586,253122,270398,270923,271471,271900,273786,275054,279539,281558,285121,294630,298899,301599,
chr11	112831968	113149158	NM_001242607.1	0	+	112832333	113146109	0	22	371,46,75,219,144,138,118,170,143,30,78,151,185,97,171,132,3,125,178,208,117,3170,	0,372,241132,243039,244276,244796,246014,246586,253122,260049,269949,270398,270923,271471,271900,273786,285121,294630,298899,308941,310513,314020,
chr11	112831968	113135919	NM_001242608.1	0	+	112832333	113133647	0	18	371,46,75,219,144,138,118,170,143,151,185,97,171,132,3,125,178,2352,	0,372,241132,243039,244276,244796,246014,246586,253122,270398,270923,271471,271900,273786,285121,294630,298899,301599,
chr11	113185250	113237114	NM_001318533.1	0	+	113186979	113237022	0	22	90,73,164,22,78,122,60,90,61,189,70,89,169,93,61,138,99,69,102,100,226,168,	0,1714,8759,9465,10076,10995,15391,20419,24245,24757,26135,27308,29743,35544,36710,37541,44834,45411,47872,49299,50306,51696,
chr11	113280316	113346001	NM_016574.3	0	-	113281448	113295373	0	7	1326,328,191,137,110,316,204,	0,2961,5826,7268,8432,14772,65481,
chr11	113185250	113237114	NM_017868.3	0	+	113186979	113237022	0	22	90,73,164,22,78,122,60,72,61,189,70,89,169,93,61,138,99,69,102,100,226,168,	0,1714,8759,9465,10076,10995,15391,20437,24245,24757,26135,27308,29743,35544,36710,37541,44834,45411,47872,49299,50306,51696,
chr11	113258512	113271140	NM_178510.1	0	+	113258606	113270989	0	8	279,295,152,50,156,119,37,1455,	0,5690,7138,7568,8276,9433,10189,11173,
chr11	112831968	113149158	NM_181351.4	0	+	112832333	113146109	0	21	371,46,75,219,144,138,118,170,143,30,151,185,97,171,132,3,125,178,208,117,3170,	0,372,241132,243039,244276,244796,246014,246586,253122,260049,270398,270923,271471,271900,273786,285121,294630,298899,308941,310513,314020,
chr12	112204690	112247789	NM_000690.3	0	+	112204786	112247379	0	13	210,105,141,80,112,129,114,103,185,165,158,115,443,	0,15031,16271,18380,22936,23547,24419,25174,25711,31191,33019,36972,42656,
chr12	89813494	89919344	NM_001199777.1	0	-	89814929	89891093	0	11	1540,219,81,153,69,134,116,108,180,172,448,	0,5443,39920,47052,47899,50643,51896,52450,72218,77453,105402,
chr12	112204690	112247789	NM_001204889.1	0	+	112204786	112247379	0	12	210,105,80,112,129,114,103,185,165,158,115,443,	0,15031,18380,22936,23547,24419,25174,25711,31191,33019,36972,42656,
chr12	89741601	89746636	NM_001946.3	0	-	89743030	89745816	0	3	1737,438,1220,	0,2763,3815,
chr12	89741601	89746636	NM_022652.3	0	-	89743030	89745816	0	2	1737,1220,	0,3815,
chr12	89813494	89920039	NM_172240.2	0	-	89814929	89919672	0	12	1540,219,81,153,69,134,116,108,180,172,85,382,	0,5443,39920,47052,47899,50643,51896,52450,72218,77453,105402,106163,
chr12	72332625	72426221	NM_173353.3	0	+	72332766	72425475	0	11	246,150,184,101,68,197,136,127,96,134,921,	0,2738,5448,5740,10742,33673,40106,55593,83553,92412,92675,
chr12	89813494	89920039	NR_037659.1	0	-	89920039	89920039	0	12	1540,219,81,23,153,69,134,116,108,180,85,382,	0,5443,39920,40298,47052,47899,50643,51896,52450,72218,105402,106163,
chr12	89813494	89919344	NR_037660.1	0	-	89919344	89919344	0	10	1540,219,81,153,69,134,116,108,180,448,	0,5443,39920,47052,47899,50643,51896,52450,72218,105402,
chr14	104022880	104029151	NM_001015048.2	0	-	104026157	104027501	0	2	4649,199,	0,6072,
chr14	104022880	104028655	NM_001015049.2	0	-	104026157	104028344	0	2	4649,406,	0,5369,
chr14	104163953	104181823	NM_001100118.1	0	-	104165134	104177424	0	9	1401,47,213,155,213,138,213,102,63,	0,1516,1747,5556,9386,10905,13416,13849,17807,
chr14	104163953	104181823	NM_001100119.1	0	-	104165134	104177424	0	10	1401,47,213,155,213,138,213,102,94,63,	0,1516,1747,5556,9386,10905,13416,13849,15258,17807,
chr14	103851700	103970168	NM_001128918.2	0	+	103852366	103969564	0	18	717,192,54,49,66,71,57,237,120,100,113,154,218,104,258,27,45,950,	0,19712,43023,63555,66554,71778,77041,80193,80608,80979,81715,82669,89629,95023,106413,113138,114792,117518,
chr14	103851700	103970168	NM_001128919.2	0	+	103852366	103969564	0	17	717,192,54,49,66,71,57,237,120,100,113,154,218,104,258,45,950,	0,19712,43023,63555,66554,71778,77041,80193,80608,80979,81715,82669,89629,95023,106413,114792,117518,
chr14	103851700	103970168	NM_001128920.2	0	+	103852366	103969564	0	16	717,192,54,49,66,71,57,237,120,100,113,106,218,104,258,950,	0,19712,43023,63555,66554,71778,77041,80193,80608,80979,81715,82717,89629,95023,106413,117518,
chr14	103851700	103970168	NM_001128921.2	0	+	103852366	103969564	0	16	717,192,54,49,66,71,57,120,100,113,154,218,104,258,27,950,	0,19712,43023,63555,66554,71778,77041,80608,80979,81715,82669,89629,95023,106413,113138,117518,
chr14	104095524	104167888	NM_001130107.1	0	+	104120901	104167540	0	16	307,262,231,79,226,88,102,174,100,50,68,109,162,131,73,351,	0,25376,28358,32928,33514,40323,40994,43826,44144,46364,46501,48227,50196,57893,71467,72013,
chr14	104029293	104057236	NM_001302652.1	0	+	104029299	104056595	0	5	168,198,64,91,717,	0,8666,11150,24317,27226,
chr14	104029293	104057236	NM_001302653.1	0	+	104029299	104053671	0	6	168,198,64,88,91,719,	0,8666,11150,18612,24317,27224,
chr14	104029293	104041069	NM_001302654.1	0	+	104029299	104040743	0	4	168,198,64,343,	0,8666,11150,11433,
chr14	103985994	103989196	NM_001823.4	0	-	103986200	103988830	0	8	385,190,124,172,133,155,205,94,	0,464,811,1605,2160,2365,2643,3108,
chr14	103851700	103970168	NM_002376.6	0	+	103852366	103969564	0	16	717,192,54,49,66,71,57,237,120,100,113,154,218,104,258,950,	0,19712,43023,63555,66554,71778,77041,80193,80608,80979,81715,82669,89629,95023,106413,117518,
chr14	104022880	104028655	NM_004873.3	0	-	104026157	104027501	0	2	4649,219,	0,5556,
chr14	104163953	104181823	NM_005432.3	0	-	104165134	104177424	0	10	1401,47,213,155,213,138,213,102,57,63,	0,1516,1747,5556,9386,10905,13416,13849,15258,17807,
chr14	104095524	104152568	NM_005552.4	0	+	104120901	104151355	0	15	307,262,231,79,226,88,102,174,100,50,68,109,162,51,594,	0,25376,28358,32928,33514,40323,40994,43826,44144,46364,46501,48227,50196,55798,56450,
chr14	104029293	104058524	NM_032374.4	0	+	104029299	104056623	0	5	168,198,64,91,2007,	0,8666,11150,24317,27224,
chr14	103995508	104003410	NM_152307.2	0	+	103996315	104001158	0	4	90,360,267,2524,	0,778,3410,5378,
chr14	104095524	104167888	NM_182923.3	0	+	104120901	104167063	0	15	307,262,231,79,226,88,102,174,100,50,68,109,162,73,351,	0,25376,28358,32928,33514,40323,40994,43826,44144,46364,46501,48227,50196,71467,72013,
chr14	104029293	104057236	NR_126431.1	0	+	104057236	104057236	0	6	168,165,198,64,91,719,	0,258,8666,11150,24317,27224,
chr14	104029293	104057236	NR_126432.1	0	+	104057236	104057236	0	4	168,198,91,719,	0,8666,24317,27224,
chr15	78887646	78913637	NM_000743.4	0	-	78888945	78913136	0	6	1428,1012,110,45,140,583,	0,5948,21719,23312,23471,25408,
chr15	78857861	78887611	NM_000745.3	0	+	78858061	78885595	0	6	306,152,45,110,832,2178,	0,15291,21125,22794,24285,27572,
chr15	78916635	78933587	NM_000750.3	0	-	78917474	78933475	0	6	998,979,110,45,149,167,	0,4673,6782,6994,11145,16785,
chr15	78885393	78913637	NM_001166694.1	0	-	78885452	78913136	0	6	140,1012,110,45,140,583,	0,8201,23972,25565,25724,27661,
chr15	47476402	48066420	NM_001198999.1	0	+	48051995	48063982	0	20	213,80,72,32,163,112,61,63,102,91,120,89,218,132,156,174,141,78,101,3727,	0,228187,286268,416659,575539,576098,576772,576952,577124,577455,577994,578810,579644,579968,580432,580677,581663,581899,582371,586291,
chr15	78916635	78933587	NM_001256567.1	0	-	78917296	78933475	0	5	998,110,45,149,167,	0,6782,6994,11145,16785,
chr15	78857861	78887611	NM_001307945.1	0	+	78858061	78885458	0	6	306,152,45,110,45,2178,	0,15291,21125,22794,24285,27572,
chr15	48010685	48066420	NM_020858.1	0	+	48051995	48063982	0	17	385,163,112,61,63,102,91,120,89,218,132,156,174,141,78,101,3727,	0,41256,41815,42489,42669,42841,43172,43711,44527,45361,45685,46149,46394,47380,47616,48088,52008,
chr15	48010685	48057677	NM_024966.2	0	+	48051995	48057257	0	13	385,163,112,61,63,102,91,120,89,218,132,156,598,	0,41256,41815,42489,42669,42841,43172,43711,44527,45361,45685,46149,46394,
chr15	48010685	48066420	NM_153616.1	0	+	48051995	48063982	0	17	385,163,112,61,63,102,91,120,89,218,132,156,174,141,78,62,3727,	0,41256,41815,42489,42669,42841,43172,43711,44527,45361,45685,46149,46394,47380,47616,48127,52008,
chr15	48010685	48066420	NM_153617.1	0	+	48051995	48063982	0	18	385,163,112,61,63,102,91,120,89,218,132,156,174,141,78,62,57,3727,	0,41256,41815,42489,42669,42841,43172,43711,44527,45361,45685,46149,46394,47380,47616,48127,48548,52008,
chr15	48010685	48066420	NM_153618.1	0	+	48051995	48063982	0	19	385,163,112,61,63,102,91,120,89,218,132,156,174,141,78,62,57,168,3727,	0,41256,41815,42489,42669,42841,43172,43711,44527,45361,45685,46149,46394,47380,47616,48127,48548,50092,52008,
chr15	48010685	48066420	NM_153619.1	0	+	48051995	48062744	0	18	385,163,112,61,63,102,91,120,89,218,132,156,174,141,78,62,35,3727,	0,41256,41815,42489,42669,42841,43172,43711,44527,45361,45685,46149,46394,47380,47616,48127,50092,52008,
chr15	78885393	78913637	NR_046313.1	0	-	78913637	78913637	0	8	140,98,193,1012,110,45,140,583,	0,862,3488,8201,23972,25565,25724,27661,
chr16	72317199	72698908	NR_126330.1	0	-	72698908	72698908	0	14	334,189,75,158,244,140,70,68,71,84,34,62,81,118,	0,1271,2078,7149,7869,65766,85352,144089,239252,240031,257277,271964,287134,381591,
chr17	8043787	8055753	NM_002616.2	0	-	8044385	8054024	0	23	871,151,190,187,611,243,180,131,172,106,132,109,154,107,79,143,52,202,122,155,99,414,99,	0,1335,1799,2179,2796,4281,5488,5902,6124,6427,6780,7000,7204,7527,7711,8174,8789,8992,9285,9501,9749,9962,11867,
chr20	15177503	16033842	NM_001033087.1	0	+	15843449	16030521	0	14	175,122,31,74,82,48,63,69,78,75,93,78,69,3368,	0,33082,234546,302915,665886,688905,736417,740617,770694,789868,790207,844342,847712,852971,
chr20	21106623	21227260	NM_001163022.1	0	+	21112794	21227214	0	13	222,63,90,637,310,32,59,166,66,105,97,44,144,	0,6114,19582,35888,36867,79506,79540,88549,89597,103025,106748,118259,120493,
chr20	21106623	21227260	NM_001163023.1	0	+	21112794	21227214	0	12	222,63,637,310,32,59,166,66,105,97,44,144,	0,6114,35888,36867,79506,79540,88549,89597,103025,106748,118259,120493,
chr20	21106623	21227260	NM_001276389.1	0	+	21106677	21227214	0	12	222,90,637,310,32,59,166,66,105,97,44,144,	0,19582,35888,36867,79506,79540,88549,89597,103025,106748,118259,120493,
chr20	21284135	21370463	NM_001317960.1	0	+	21284176	21369976	0	30	350,128,112,112,59,90,73,51,158,75,134,58,108,45,132,119,136,108,90,73,84,98,80,57,69,132,128,64,139,553,	0,22781,22992,25061,26983,27118,28063,28270,28785,30046,30206,30439,30580,35546,37223,40592,42917,44648,44843,45891,51291,52582,53088,54238,61923,62075,64965,78496,83370,85775,
chr20	21491654	21494664	NM_002509.3	0	-	21492560	21494307	0	2	1469,616,	0,2394,
chr20	21283921	21370463	NM_012255.4	0	+	21284036	21369976	0	30	190,128,112,112,59,90,73,51,158,75,134,58,108,45,132,119,136,108,90,73,84,98,80,57,69,132,128,64,139,553,	0,22995,23206,25275,27197,27332,28277,28484,28999,30260,30420,30653,30794,35760,37437,40806,43131,44862,45057,46105,51505,52796,53302,54452,62137,62289,65179,78710,83584,85989,
chr20	21106623	21227260	NM_018474.4	0	+	21106756	21227214	0	14	222,63,163,90,637,310,32,59,166,66,105,97,44,144,	0,6114,10407,19582,35888,36867,79506,79540,88549,89597,103025,106748,118259,120493,
chr20	21376004	21378047	NM_033176.1	0	-	21376548	21378037	0	2	1167,452,	0,1591,
chr20	13976145	16033842	NM_080676.5	0	+	13976409	16030521	0	17	310,117,108,30,117,122,31,74,82,48,63,69,78,75,93,78,3368,	0,6788,90121,497979,689343,1234440,1435904,1504273,1867244,1890263,1937775,1941975,1972052,1991226,1991565,2045700,2054329,
chr22	19929262	19957498	NM_000754.3	0	+	19950049	19956259	0	6	158,91,289,194,132,1440,	0,19459,20787,21826,22428,26796,
chr22	19938459	19957498	NM_001135161.1	0	+	19950049	19956259	0	6	116,91,289,194,132,1440,	0,10262,11590,12629,13231,17599,
chr22	19939044	19957498	NM_001135162.1	0	+	19950049	19956259	0	6	133,91,289,194,132,1440,	0,9677,11005,12044,12646,17014,
chr22	19950069	19957498	NM_007310.2	0	+	19950199	19956259	0	4	269,194,132,1440,	0,1019,1621,5989,
